-0.2280582764052261
0.04321519357598517
-0.028875685791608596
-0.1565718745401831
-0.38180150767769255
-0.05938990665460995
-0.014436285212875226
-0.022838930459008474
-0.00050726639050377986
0.1866936176227108
0.20434127516459782
-0.12240242908512611
-0.062269845981700975
-0.09476542080451797
0.03338920592063762
-0.012383005384736972
-0.05431619263157806
-0.2326956873787156
-0.18203124324441405
-0.24023112969082935
-0.23084568238874972
-0.09394061784678177
0.3469493736267972
-0.018726368258353804
0.2992811978748606
0.4946443873466282